
2023-07-13 20:00:00,1.1228384972,1.1228384972,1.1228384972,1.1228384972,1.1228384972,0,nan,1.1228384972,nan
2023-07-13 20:01:00,1.1228384972,1.1228384972,1.1228384972,1.1228384972,1.1228384972,0,nan,1.1228384972,nan
2023-07-13 20:02:00,1.1229646206,1.1229646206,1.1229646206,1.1229646206,1.1229646206,0,nan,1.1228805383333333,nan
2023-07-13 20:03:00,1.1229646206,1.1229646206,1.1229646206,1.1229646206,1.1229646206,0,nan,1.1229015589,nan
2023-07-13 20:04:00,1.1228384972,1.1228384972,1.1228384972,1.1228384972,1.1228384972,0,nan,1.12288894656,nan
2023-07-13 20:05:00,1.1229646206,1.1229646206,1.1229646206,1.1229646206,1.1229646206,0,nan,1.1229015589,nan
2023-07-13 20:06:00,1.1229646206,1.1229646206,1.1229646206,1.1229646206,1.1229646206,0,nan,1.1229105677142857,nan
2023-07-13 20:07:00,1.1229646206,1.1229646206,1.1229646206,1.1229646206,1.1229646206,0,nan,1.122917324325,nan
2023-07-13 20:08:00,1.1229646206,1.1229646206,1.1229646206,1.1229646206,1.1229646206,0,nan,1.1229225794666666,nan
2023-07-13 20:09:00,1.1228384972,1.1228384972,1.1228384972,1.1228384972,1.1228384972,0,nan,1.1229141712400001,nan
2023-07-13 20:10:00,1.1229646206,1.1229646206,1.1229646206,1.1229646206,1.1229646206,0,nan,1.1229187575454544,nan
2023-07-13 20:11:00,1.1229646206,1.1229646206,1.1229646206,1.1229646206,1.1229646206,0,nan,1.1229225794666666,nan
2023-07-13 20:12:00,1.1229646206,1.1229646206,1.1229646206,1.1229646206,1.1229646206,0,nan,1.1229258134,nan
2023-07-13 20:13:00,1.1229646206,1.1229646206,1.1229646206,1.1229646206,1.1229646206,0,1.122928585342857,1.122928585342857,4.8695241616769636e-08
2023-07-13 20:14:00,1.123090744,1.123090744,1.123090744,1.123090744,1.123090744,0,1.1229466029714286,1.12293939592,6.492699355931109e-08
2023-07-13 20:15:00,1.123090744,1.123090744,1.123090744,1.123090744,1.123090744,0,1.1229646206,1.122948855175,6.492699355931109e-08
2023-07-13 20:16:00,1.123090744,1.123090744,1.123090744,1.123090744,1.123090744,0,1.1229736294142856,1.1229572015764706,4.8695241616769636e-08
2023-07-13 20:17:00,1.123090744,1.123090744,1.123090744,1.123090744,1.123090744,0,1.1229826382285715,1.1229646206000001,4.8695241616769636e-08
2023-07-13 20:18:00,1.123090744,1.123090744,1.123090744,1.123090744,1.123090744,0,1.1230006558571428,1.1229712586736842,2.434761370295746e-08
2023-07-13 20:19:00,1.123090744,1.123090744,1.123090744,1.123090744,1.123090744,0,1.1230096646714285,1.1229772329399998,1.623175194254145e-08
2023-07-13 20:20:00,1.123090744,1.123090744,1.123090744,1.123090744,1.123090744,0,1.1230186734857142,1.1229826382285713,1.623175194254145e-08
2023-07-13 20:21:00,1.123090744,1.123090744,1.123090744,1.123090744,1.123090744,0,1.1230276823,1.1229875521272727,1.623175194254145e-08
2023-07-13 20:22:00,1.123090744,1.123090744,1.123090744,1.123090744,1.123090744,0,1.1230366911142855,1.1229920387304346,1.623175194254145e-08
2023-07-13 20:23:00,1.1229646206,1.1229646206,1.1229646206,1.1229646206,1.1229646206,0,1.1230456999285712,1.1229908963083333,1.623175194254145e-08
2023-07-13 20:24:00,1.1229646206,1.1229646206,1.1229646206,1.1229646206,1.1229646206,0,1.1230456999285714,1.12298984528,8.11586176041601e-09
2023-07-13 20:25:00,1.1229646206,1.1229646206,1.1229646206,1.1229646206,1.1229646206,0,1.1230456999285714,1.1229888751,8.11586176041601e-09
2023-07-13 20:26:00,1.1229646206,1.1229646206,1.1229646206,1.1229646206,1.1229646206,0,1.1230456999285714,1.1229879767851851,8.11586176041601e-09
2023-07-13 20:27:00,1.1229646206,1.1229646206,1.1229646206,1.1229646206,1.1229646206,0,1.1230456999285712,1.1229871426357143,8.11586176041601e-09
2023-07-13 20:28:00,1.1229646206,1.1229646206,1.1229646206,1.1229646206,1.1229646206,0,1.1230366911142857,1.122986366013793,0.0,
2023-07-13 20:29:00,1.1229646206,1.1229646206,1.1229646206,1.1229646206,1.1229646206,0,1.1230276822999998,1.1229856411666668,0.0,
2023-07-13 20:30:00,1.1229646206,1.1229646206,1.1229646206,1.1229646206,1.1229646206,0,1.1230186734857142,1.122984963083871,0.0,
2023-07-13 20:31:00,1.1229646206,1.1229646206,1.1229646206,1.1229646206,1.1229646206,0,1.1230096646714285,1.1229843273812499,0.0,
2023-07-13 20:32:00,1.1229646206,1.1229646206,1.1229646206,1.1229646206,1.1229646206,0,1.1230006558571428,1.1229837302060606,0.0,
2023-07-13 20:33:00,1.1229646206,1.1229646206,1.1229646206,1.1229646206,1.1229646206,0,1.1229916470428571,1.1229831681588234,0.0,
2023-07-13 20:34:00,1.1229646206,1.1229646206,1.1229646206,1.1229646206,1.1229646206,0,1.1229826382285713,1.1229826382285715,0.0,
2023-07-13 20:35:00,1.1229646206,1.1229646206,1.1229646206,1.1229646206,1.1229646206,0,1.1229736294142856,1.1229821377388889,0.0,
2023-07-13 20:36:00,1.1229646206,1.1229646206,1.1229646206,1.1229646206,1.1229646206,0,1.1229646206,1.1229816643027026,0.0,
2023-07-13 20:37:00,1.1229646206,1.1229646206,1.1229646206,1.1229646206,1.1229646206,0,1.1229646206,1.1229812157842105,0.0,
2023-07-13 20:38:00,1.1229646206,1.1229646206,1.1229646206,1.1229646206,1.1229646206,0,1.1229646206,1.1229807902666666,0.0,
2023-07-13 20:39:00,1.1229646206,1.1229646206,1.1229646206,1.1229646206,1.1229646206,0,1.1229646206,1.122980386025,0.0,
2023-07-13 20:40:00,1.1229646206,1.1229646206,1.1229646206,1.1229646206,1.1229646206,0,1.1229646206,1.122980001502439,0.0,
2023-07-13 20:41:00,1.1229646206,1.1229646206,1.1229646206,1.1229646206,1.1229646206,0,1.1229646206,1.122979635290476,0.0,
2023-07-13 20:42:00,1.1229646206,1.1229646206,1.1229646206,1.1229646206,1.1229646206,0,1.1229646206,1.122979286111628,0.0,
2023-07-13 20:43:00,1.1228384972,1.1228384972,1.1228384972,1.1228384972,1.1228384972,0,1.1229556117857142,1.1229760863636362,0.0,
2023-07-13 20:44:00,1.1229646206,1.1229646206,1.1229646206,1.1229646206,1.1229646206,0,1.1229556117857142,1.122975831568889,8.11586176041601e-09
2023-07-13 20:45:00,1.1228384972,1.1228384972,1.1228384972,1.1228384972,1.1228384972,0,1.1229466029714286,1.1229728460391304,1.623175194254145e-08
2023-07-13 20:46:00,1.1228384972,1.1228384972,1.1228384972,1.1228384972,1.1228384972,0,1.1229375941571427,1.1229699875531913,1.623175194254145e-08
2023-07-13 20:47:00,1.1228384972,1.1228384972,1.1228384972,1.1228384972,1.1228384972,0,1.122928585342857,1.1229672481708333,1.623175194254145e-08
2023-07-13 20:48:00,1.1228384972,1.1228384972,1.1228384972,1.1228384972,1.1228384972,0,1.1229195765285713,1.1229646206,1.623175194254145e-08
2023-07-13 20:49:00,1.1229646206,1.1229646206,1.1229646206,1.1229646206,1.1229646206,0,1.1229195765285716,1.1229646206,3.24635038850829e-08
2023-07-13 20:50:00,1.1229646206,1.1229646206,1.1229646206,1.1229646206,1.1229646206,0,1.1229195765285713,1.1229646206,3.24635038850829e-08
2023-07-13 20:51:00,1.1228384972,1.1228384972,1.1228384972,1.1228384972,1.1228384972,0,1.1229105677142857,1.12296219515,4.8695241616769636e-08
2023-07-13 20:52:00,1.1229646206,1.1229646206,1.1229646206,1.1229646206,1.1229646206,0,1.1229105677142857,1.1229622409132076,7.30428553197271e-08
2023-07-13 20:53:00,1.1229646206,1.1229646206,1.1229646206,1.1229646206,1.1229646206,0,1.1229105677142857,1.1229622849814813,7.30428553197271e-08
2023-07-13 20:54:00,1.1229646206,1.1229646206,1.1229646206,1.1229646206,1.1229646206,0,1.1229105677142857,1.1229623274472726,7.30428553197271e-08
2023-07-13 20:55:00,1.1229646206,1.1229646206,1.1229646206,1.1229646206,1.1229646206,0,1.1229105677142857,1.1229623683964285,7.30428553197271e-08
2023-07-13 20:56:00,1.1229646206,1.1229646206,1.1229646206,1.1229646206,1.1229646206,0,1.1229105677142857,1.1229624079087719,7.30428553197271e-08
2023-07-13 20:57:00,1.1229646206,1.1229646206,1.1229646206,1.1229646206,1.1229646206,0,1.1229195765285713,1.1229624460586205,4.8695241616769636e-08
2023-07-13 20:58:00,1.1229646206,1.1229646206,1.1229646206,1.1229646206,1.1229646206,0,1.1229195765285716,1.122962482915254,3.24635038850829e-08
2023-07-13 20:59:00,1.1229646206,1.1229646206,1.1229646206,1.1229646206,1.1229646206,0,1.1229285853428572,1.1229625185433332,1.623175194254145e-08
2023-07-13 21:00:00,1.1229646206,1.1229646206,1.1229646206,1.1229646206,1.1229646206,0,1.122937594157143,1.1229625530032785,1.623175194254145e-08
2023-07-13 21:01:00,1.1220825911,1.1220825911,1.1220825911,1.1220825911,1.1220825911,0,1.1228836008642857,1.1229483600693546,1.297466099003941e-07
2023-07-13 21:02:00,1.1222084761,1.1222084761,1.1222084761,1.1222084761,1.1222084761,0,1.1228385993571428,1.122936615879365,1.9449728938525368e-07
2023-07-13 21:03:00,1.1225864887,1.1225864887,1.1225864887,1.1225864887,1.1225864887,0,1.1228115899357143,1.1229311451421875,3.240599539822142e-07
2023-07-13 21:04:00,1.1228384972,1.1228384972,1.1228384972,1.1228384972,1.1228384972,0,1.1228025811214286,1.1229297197892307,4.53683981049835e-07
2023-07-13 21:05:00,1.1224603653,1.1224603653,1.1224603653,1.1224603653,1.1224603653,0,1.1227755716999999,1.1229226083575756,5.67091589687152e-07
2023-07-13 21:08:00,1.1224603653,1.1224603653,1.1224603653,1.1224603653,1.1224603653,0,1.1227395534642857,1.1229157092074626,4.860018805175059e-07
2023-07-13 21:09:00,1.1224603653,1.1224603653,1.1224603653,1.1224603653,1.1224603653,0,1.1227035352285715,1.1229090129735293,4.860018805175059e-07
2023-07-13 21:10:00,1.1224603653,1.1224603653,1.1224603653,1.1224603653,1.1224603653,0,1.122667516992857,1.1229025108333333,4.860018805175059e-07
2023-07-13 21:11:00,1.1225864887,1.1225864887,1.1225864887,1.1225864887,1.1225864887,0,1.1226405075714285,1.1228979962314287,5.67091589687152e-07
2023-07-13 21:12:00,1.1224603653,1.1224603653,1.1224603653,1.1224603653,1.1224603653,0,1.1226044893357143,1.122891832415493,6.238490186660783e-07
2023-07-13 21:13:00,1.1225864887,1.1225864887,1.1225864887,1.1225864887,1.1225864887,0,1.1225774799142858,1.1228875915305556,7.130546038069951e-07
2023-07-13 21:14:00,1.1224603653,1.1224603653,1.1224603653,1.1224603653,1.1224603653,0,1.1225414616785714,1.1228817391164383,7.779279229680469e-07
2023-07-13 21:15:00,1.1225864887,1.1225864887,1.1225864887,1.1225864887,1.1225864887,0,1.1225144522571429,1.1228777492459459,8.752493698693797e-07
2023-07-13 21:16:00,1.1225864887,1.1225864887,1.1225864887,1.1225864887,1.1225864887,0,1.1224874428357143,1.122873865772,8.752493698693797e-07
2023-07-13 21:17:00,1.1227124929,1.1227124929,1.1227124929,1.1227124929,1.1227124929,0,1.1225324358214286,1.1228717424447368,4.05333651087858e-07
2023-07-13 21:18:00,1.1227124929,1.1227124929,1.1227124929,1.1227124929,1.1227124929,0,1.1225684370214286,1.122869674268831,3.6484630072664004e-07
2023-07-13 21:19:00,1.1227124929,1.1227124929,1.1227124929,1.1227124929,1.1227124929,0,1.1225774373214288,1.1228676591230768,2.4326922698492126e-07
2023-07-13 21:21:00,1.1227124929,1.1227124929,1.1227124929,1.1227124929,1.1227124929,0,1.1225684370142859,1.1228656949936708,1.6221778764702321e-07
2023-07-13 21:22:00,1.1227124929,1.1227124929,1.1227124929,1.1227124929,1.1227124929,0,1.1225864461285715,1.1228637799674999,6.491166004707338e-08
2023-07-13 21:23:00,1.1228384972,1.1228384972,1.1228384972,1.1228384972,1.1228384972,0,1.12261345555,1.122863467834568,8.112806426652241e-08
2023-07-13 21:24:00,1.1228384972,1.1228384972,1.1228384972,1.1228384972,1.1228384972,0,1.1226404649714286,1.122863163314634,8.112806426652241e-08
2023-07-13 21:25:00,1.1228384972,1.1228384972,1.1228384972,1.1228384972,1.1228384972,0,1.1226674743928573,1.1228628661325302,8.112806426652241e-08
2023-07-13 21:26:00,1.1228384972,1.1228384972,1.1228384972,1.1228384972,1.1228384972,0,1.1226854750000002,1.1228625760261903,6.489631232398096e-08
2023-07-13 21:27:00,1.1227124929,1.1227124929,1.1227124929,1.1227124929,1.1227124929,0,1.1227034841142858,1.122860810342353,6.486567372121499e-08
2023-07-13 21:28:00,1.1228384972,1.1228384972,1.1228384972,1.1228384972,1.1228384972,0,1.1227214847214286,1.1228605508872092,6.485034020897729e-08
2023-07-13 21:29:00,1.1228384972,1.1228384972,1.1228384972,1.1228384972,1.1228384972,0,1.1227484941428572,1.1228602973965518,3.240985790853301e-08
2023-07-13 21:30:00,1.1228384972,1.1228384972,1.1228384972,1.1228384972,1.1228384972,0,1.12276649475,1.1228600496670453,2.4301655798808497e-08
2023-07-13 21:31:00,1.1228384972,1.1228384972,1.1228384972,1.1228384972,1.1228384972,0,1.1227844953571429,1.1228598075044944,2.4301655798808497e-08
2023-07-13 21:32:00,1.1228384972,1.1228384972,1.1228384972,1.1228384972,1.1228384972,0,1.1227934956642858,1.1228595707233333,1.6201113339775475e-08
2023-07-13 21:33:00,1.1227124929,1.1227124929,1.1227124929,1.1227124929,1.1227124929,0,1.1227934956642858,1.1228579544835164,3.2402212468696234e-08
2023-07-13 21:34:00,1.1227124929,1.1227124929,1.1227124929,1.1227124929,1.1227124929,0,1.1227934956642858,1.1228563733793477,3.2402212468696234e-08
2023-07-13 21:35:00,1.1227124929,1.1227124929,1.1227124929,1.1227124929,1.1227124929,0,1.1227934956642858,1.1228548262774194,3.2402212468696234e-08
2023-07-13 21:36:00,1.1227124929,1.1227124929,1.1227124929,1.1227124929,1.1227124929,0,1.1227934956642858,1.122853312092553,3.2402212468696234e-08
2023-07-13 21:37:00,1.1227124929,1.1227124929,1.1227124929,1.1227124929,1.1227124929,0,1.1227844953571429,1.1228518297852632,1.6201113339775475e-08
2023-07-13 21:38:00,1.1227124929,1.1227124929,1.1227124929,1.1227124929,1.1227124929,0,1.1227754950500002,1.1228503783593748,1.6201113339775475e-08
2023-07-13 21:39:00,1.1227124929,1.1227124929,1.1227124929,1.1227124929,1.1227124929,0,1.1227664947428573,1.122848956859794,1.6201113339775475e-08
2023-07-13 21:40:00,1.1225864887,1.1225864887,1.1225864887,1.1225864887,1.1225864887,0,1.1227484941357144,1.1228462786132651,2.4301655798808497e-08
2023-07-13 21:41:00,1.1229646206,1.1229646206,1.1229646206,1.1229646206,1.1229646206,0,1.1227665032571428,1.1228474739868686,6.481970160621131e-08
2023-07-13 21:42:00,1.1229646206,1.1229646206,1.1229646206,1.1229646206,1.1229646206,0,1.1227755120714287,1.122848645453,4.861860247729055e-08
2023-07-13 21:43:00,1.1227124929,1.1227124929,1.1227124929,1.1227124929,1.1227124929,0,1.1227665117642858,1.1228472974079209,9.72601981175103e-08
2023-07-13 21:44:00,1.1227124929,1.1227124929,1.1227124929,1.1227124929,1.1227124929,0,1.1227575114571429,1.122845975795098,9.72601981175103e-08
2023-07-13 21:45:00,1.1228384972,1.1228384972,1.1228384972,1.1228384972,1.1228384972,0,1.1227575114571429,1.1228459031873788,1.296700560260433e-07
2023-07-13 21:46:00,1.1227124929,1.1227124929,1.1227124929,1.1227124929,1.1227124929,0,1.12274851115,1.1228446203961537,1.6207992814543104e-07
2023-07-13 21:47:00,1.1228384972,1.1228384972,1.1228384972,1.1228384972,1.1228384972,0,1.1227575114571429,1.12284456208,1.6207992814543104e-07
2023-07-13 21:48:00,1.1229646206,1.1229646206,1.1229646206,1.1229646206,1.1229646206,0,1.1227755205785714,1.1228456947075471,1.9452042465673003e-07
2023-07-13 21:49:00,1.1229646206,1.1229646206,1.1229646206,1.1229646206,1.1229646206,0,1.1227935297000002,1.122846806164486,1.9452042465673003e-07
2023-07-13 21:50:00,1.1228384972,1.1228384972,1.1228384972,1.1228384972,1.1228384972,0,1.122802530007143,1.1228467292296296,2.4318498503816954e-07
2023-07-13 21:51:00,1.1229646206,1.1229646206,1.1229646206,1.1229646206,1.1229646206,0,1.1228205391285715,1.122847810801835,2.8374135752073926e-07
2023-07-13 21:52:00,1.1228384972,1.1228384972,1.1228384972,1.1228384972,1.1228384972,0,1.1228295394357144,1.1228477261327272,3.405218080843042e-07
2023-07-13 21:53:00,1.1228384972,1.1228384972,1.1228384972,1.1228384972,1.1228384972,0,1.122838539742857,1.1228476429891892,3.405218080843042e-07
2023-07-13 21:54:00,1.1225864887,1.1225864887,1.1225864887,1.1225864887,1.1225864887,0,1.122838539742857,1.1228453112544643,3.972486553038834e-07
2023-07-13 21:55:00,1.1229646206,1.1229646206,1.1229646206,1.1229646206,1.1229646206,0,1.122838539742857,1.1228463670893805,3.972486553038834e-07
2023-07-13 21:56:00,1.1228384972,1.1228384972,1.1228384972,1.1228384972,1.1228384972,0,1.1228295309285714,1.1228462980552631,4.540291058674484e-07
2023-07-13 21:57:00,1.1228384972,1.1228384972,1.1228384972,1.1228384972,1.1228384972,0,1.1228385312357143,1.1228462302217392,3.405218080843042e-07
2023-07-13 21:58:00,1.1228384972,1.1228384972,1.1228384972,1.1228384972,1.1228384972,0,1.1228475315428572,1.1228461635577585,3.405218080843042e-07
2023-07-13 21:59:00,1.1229646206,1.1229646206,1.1229646206,1.1229646206,1.1229646206,0,1.1228565403571429,1.1228471760111112,3.405677659884532e-07
2023-07-13 22:00:00,1.1228384972,1.1228384972,1.1228384972,1.1228384972,1.1228384972,0,1.1228655406642858,1.1228471024618645,3.4062139775414835e-07
2023-07-13 22:01:00,1.1228384972,1.1228384972,1.1228384972,1.1228384972,1.1228384972,0,1.1228655406642858,1.1228470301487394,2.919874617646201e-07
2023-07-13 22:02:00,1.1228384972,1.1228384972,1.1228384972,1.1228384972,1.1228384972,0,1.12285653185,1.1228469590408332,2.4330755366008816e-07
2023-07-13 22:03:00,1.1228384972,1.1228384972,1.1228384972,1.1228384972,1.1228384972,0,1.1228475230357142,1.1228468891082646,2.4330755366008816e-07
2023-07-13 22:04:00,1.1228384972,1.1228384972,1.1228384972,1.1228384972,1.1228384972,0,1.1228475230357142,1.1228468203221313,2.0274353573768167e-07
2023-07-13 22:05:00,1.1229646206,1.1229646206,1.1229646206,1.1229646206,1.1229646206,0,1.1228475230357142,1.1228477780479675,2.0274353573768167e-07
2023-07-13 22:06:00,1.1229646206,1.1229646206,1.1229646206,1.1229646206,1.1229646206,0,1.12285653185,1.1228487203266129,1.6217948939356575e-07
2023-07-13 22:07:00,1.1229646206,1.1229646206,1.1229646206,1.1229646206,1.1229646206,0,1.1228655406642856,1.1228496475288,1.6217948939356575e-07
2023-07-13 22:08:00,1.1229646206,1.1229646206,1.1229646206,1.1229646206,1.1229646206,0,1.1228925500857143,1.122850560013492,8.112806426652241e-08
2023-07-13 22:09:00,1.1229646206,1.1229646206,1.1229646206,1.1229646206,1.1229646206,0,1.1228925500857143,1.1228514581283464,3.24635038850829e-08
2023-07-13 22:10:00,1.123090744,1.123090744,1.123090744,1.123090744,1.123090744,0,1.1229105677142857,1.1228533275492187,2.434761370295746e-08
2023-07-13 22:11:00,1.123090744,1.123090744,1.123090744,1.123090744,1.123090744,0,1.1229285853428572,1.1228551679868217,2.434761370295746e-08
2023-07-13 22:12:00,1.1232168674,1.1232168674,1.1232168674,1.1232168674,1.1232168674,0,1.1229556117857142,1.12285795029,3.24635038850829e-08
2023-07-13 22:13:00,1.1232168674,1.1232168674,1.1232168674,1.1232168674,1.1232168674,0,1.1229736294142858,1.1228606901152671,2.434761370295746e-08
2023-07-13 22:14:00,1.1232168674,1.1232168674,1.1232168674,1.1232168674,1.1232168674,0,1.1230006558571428,1.1228633884280304,0.0,
2023-07-13 22:15:00,1.1232168674,1.1232168674,1.1232168674,1.1232168674,1.1232168674,0,1.1230276823,1.1228660461646618,0.0,
2023-07-13 22:16:00,1.1232168674,1.1232168674,1.1232168674,1.1232168674,1.1232168674,0,1.1230547087428573,1.1228686642335821,0.0,
2023-07-13 22:17:00,1.1232168674,1.1232168674,1.1232168674,1.1232168674,1.1232168674,0,1.1230817351857143,1.1228712435162962,0.0,
2023-07-13 22:18:00,1.1232168674,1.1232168674,1.1232168674,1.1232168674,1.1232168674,0,1.1231087616285715,1.1228737848683823,0.0,
2023-07-13 22:19:00,1.1232168674,1.1232168674,1.1232168674,1.1232168674,1.1232168674,0,1.1231267792571429,1.122876289120438,0.0,
2023-07-13 22:20:00,1.1232168674,1.1232168674,1.1232168674,1.1232168674,1.1232168674,0,1.1231447968857142,1.1228787570789855,0.0,
2023-07-13 22:21:00,1.1232168674,1.1232168674,1.1232168674,1.1232168674,1.1232168674,0,1.1231628145142858,1.122881189527338,0.0,
2023-07-13 22:22:00,1.1233429909,1.1233429909,1.1233429909,1.1233429909,1.1233429909,0,1.1231898409642855,1.1228844881085713,0.0,
2023-07-13 22:23:00,1.1232168674,1.1232168674,1.1232168674,1.1232168674,1.1232168674,0,1.123207858592857,1.1228868454085106,2.4347656335521606e-08
2023-07-13 22:24:00,1.1232168674,1.1232168674,1.1232168674,1.1232168674,1.1232168674,0,1.123216867407143,1.1228891695070422,1.6231766153396165e-08
2023-07-13 22:25:00,1.123090744,1.123090744,1.123090744,1.123090744,1.123090744,0,1.123216867407143,1.1228905791188812,3.2463518095937616e-08
2023-07-13 22:26:00,1.123090744,1.123090744,1.123090744,1.123090744,1.123090744,0,1.1232078585928573,1.1228919691527777,1.6231766153396165e-08
2023-07-13 22:27:00,1.123090744,1.123090744,1.123090744,1.123090744,1.123090744,0,1.1231988497785714,1.122893340013793,1.6231766153396165e-08
2023-07-13 22:28:00,1.123090744,1.123090744,1.123090744,1.123090744,1.123090744,0,1.1231898409642858,1.1228946920958904,1.6231766153396165e-08
2023-07-13 22:29:00,1.1229646206,1.1229646206,1.1229646206,1.1229646206,1.1229646206,0,1.1231718233357142,1.1228951678,2.4347656335521606e-08
2023-07-13 22:30:00,1.1229646206,1.1229646206,1.1229646206,1.1229646206,1.1229646206,0,1.1231538057071428,1.1228956370756755,2.4347656335521606e-08
2023-07-13 22:31:00,1.123090744,1.123090744,1.123090744,1.123090744,1.123090744,0,1.1231447968928572,1.1228969465181207,4.8695270038479066e-08
2023-07-13 22:32:00,1.1229646206,1.1229646206,1.1229646206,1.1229646206,1.1229646206,0,1.1231267792642856,1.1228973976786667,6.492702198102052e-08
2023-07-13 22:33:00,1.123090744,1.123090744,1.123090744,1.123090744,1.123090744,0,1.12311777045,1.1228986781178807,9.73905116552487e-08
2023-07-13 22:34:00,1.1229646206,1.1229646206,1.1229646206,1.1229646206,1.1229646206,0,1.1230997528214286,1.1228991119499998,1.217381537799156e-07
2023-07-13 22:35:00,1.1229646206,1.1229646206,1.1229646206,1.1229646206,1.1229646206,0,1.123081735192857,1.122899540111111,1.217381537799156e-07
2023-07-13 22:36:00,1.1229646206,1.1229646206,1.1229646206,1.1229646206,1.1229646206,0,1.1230547087428573,1.1228999627116882,8.115874550185254e-08
2023-07-13 22:37:00,1.1229646206,1.1229646206,1.1229646206,1.1229646206,1.1229646206,0,1.1230366911142857,1.1229003798593549,6.492699355931109e-08
2023-07-13 22:38:00,1.1229646206,1.1229646206,1.1229646206,1.1229646206,1.1229646206,0,1.1230186734857142,1.1229007916589744,6.492699355931109e-08
2023-07-13 22:39:00,1.1229646206,1.1229646206,1.1229646206,1.1229646206,1.1229646206,0,1.1230096646714285,1.1229011982127388,4.8695241616769636e-08
2023-07-13 22:40:00,1.1229646206,1.1229646206,1.1229646206,1.1229646206,1.1229646206,0,1.1230006558571428,1.1229015996202532,4.8695241616769636e-08
2023-07-13 22:41:00,1.1229646206,1.1229646206,1.1229646206,1.1229646206,1.1229646206,0,1.1229916470428571,1.1229019959786164,4.8695241616769636e-08
2023-07-13 22:42:00,1.1229646206,1.1229646206,1.1229646206,1.1229646206,1.1229646206,0,1.1229826382285713,1.1229023873825,4.8695241616769636e-08
2023-07-13 22:43:00,1.1229646206,1.1229646206,1.1229646206,1.1229646206,1.1229646206,0,1.1229826382285713,1.1229027739242237,3.24635038850829e-08
2023-07-13 22:44:00,1.1229646206,1.1229646206,1.1229646206,1.1229646206,1.1229646206,0,1.1229826382285713,1.1229031556938271,3.24635038850829e-08
2023-07-13 22:45:00,1.1228384972,1.1228384972,1.1228384972,1.1228384972,1.1228384972,0,1.1229646206,1.122902759015951,2.434761370295746e-08
2023-07-13 22:46:00,1.1228384972,1.1228384972,1.1228384972,1.1228384972,1.1228384972,0,1.1229556117857142,1.1229023671756098,1.623175194254145e-08
2023-07-13 22:47:00,1.1228384972,1.1228384972,1.1228384972,1.1228384972,1.1228384972,0,1.122937594157143,1.1229019800848483,0.0,
2023-07-13 22:48:00,1.1229646206,1.1229646206,1.1229646206,1.1229646206,1.1229646206,0,1.122937594157143,1.1229023574373493,8.11586176041601e-09
2023-07-13 22:49:00,1.1228384972,1.1228384972,1.1228384972,1.1228384972,1.1228384972,0,1.1229285853428572,1.1229019750407185,1.623175194254145e-08
2023-07-13 22:50:00,1.1228384972,1.1228384972,1.1228384972,1.1228384972,1.1228384972,0,1.1229195765285716,1.1229015971964285,1.623175194254145e-08
2023-07-13 22:51:00,1.1228384972,1.1228384972,1.1228384972,1.1228384972,1.1228384972,0,1.1229105677142857,1.1229012238236686,1.623175194254145e-08
2023-07-13 22:52:00,1.1228384972,1.1228384972,1.1228384972,1.1228384972,1.1228384972,0,1.1229015589,1.1229008548435295,1.623175194254145e-08
2023-07-13 22:53:00,1.1228384972,1.1228384972,1.1228384972,1.1228384972,1.1228384972,0,1.1228925500857143,1.1229004901789472,1.623175194254145e-08
2023-07-13 22:54:00,1.1228384972,1.1228384972,1.1228384972,1.1228384972,1.1228384972,0,1.1228835412714286,1.122900129754651,1.623175194254145e-08
2023-07-13 22:55:00,1.1228384972,1.1228384972,1.1228384972,1.1228384972,1.1228384972,0,1.122874532457143,1.1228997734971098,1.623175194254145e-08
2023-07-13 22:56:00,1.1228384972,1.1228384972,1.1228384972,1.1228384972,1.1228384972,0,1.1228655236428573,1.1228994213344827,1.623175194254145e-08
2023-07-13 22:57:00,1.1228384972,1.1228384972,1.1228384972,1.1228384972,1.1228384972,0,1.1228565148285716,1.1228990731965713,1.623175194254145e-08
2023-07-13 22:58:00,1.1228384972,1.1228384972,1.1228384972,1.1228384972,1.1228384972,0,1.122847506014286,1.1228987290147727,1.623175194254145e-08
2023-07-13 23:00:00,1.1227124929,1.1227124929,1.1227124929,1.1227124929,1.1227124929,0,1.122838505707143,1.1228976768333334,1.6224092291849956e-08
2023-07-13 23:01:00,1.1228384972,1.1228384972,1.1228384972,1.1228384972,1.1228384972,0,1.122838505707143,1.122897344363483,3.243285107146221e-08
2023-07-13 23:02:00,1.1228384972,1.1228384972,1.1228384972,1.1228384972,1.1228384972,0,1.122838505707143,1.1228970156083797,3.243285107146221e-08
2023-07-13 23:03:00,1.1228384972,1.1228384972,1.1228384972,1.1228384972,1.1228384972,0,1.1228294968928572,1.122896690506111,1.620877299046697e-08
2023-07-13 23:04:00,1.1228384972,1.1228384972,1.1228384972,1.1228384972,1.1228384972,0,1.1228294968928572,1.1228963689961327,8.100542459033022e-09
2023-07-13 23:05:00,1.1229646206,1.1229646206,1.1229646206,1.1229646206,1.1229646206,0,1.1228385057071428,1.1228967440049449,1.620877299046697e-08
2023-07-13 23:06:00,1.1229646206,1.1229646206,1.1229646206,1.1229646206,1.1229646206,0,1.1228475145214285,1.1228971149153006,1.620877299046697e-08
2023-07-13 23:07:00,1.1229646206,1.1229646206,1.1229646206,1.1229646206,1.1229646206,0,1.1228565233357144,1.1228974817940216,1.620877299046697e-08
2023-07-13 23:08:00,1.1229646206,1.1229646206,1.1229646206,1.1229646206,1.1229646206,0,1.12286553215,1.1228978447064866,1.620877299046697e-08
2023-07-13 23:09:00,1.1229646206,1.1229646206,1.1229646206,1.1229646206,1.1229646206,0,1.1228745409642857,1.1228982037166666,1.620877299046697e-08
2023-07-13 23:10:00,1.1229646206,1.1229646206,1.1229646206,1.1229646206,1.1229646206,0,1.1228835497785714,1.1228985588871658,1.620877299046697e-08
2023-07-13 23:11:00,1.1229646206,1.1229646206,1.1229646206,1.1229646206,1.1229646206,0,1.122892558592857,1.1228989102792553,1.620877299046697e-08
2023-07-13 23:12:00,1.1229646206,1.1229646206,1.1229646206,1.1229646206,1.1229646206,0,1.1229015674071428,1.12289925795291,1.620877299046697e-08
2023-07-13 23:13:00,1.1228384972,1.1228384972,1.1228384972,1.1228384972,1.1228384972,0,1.1229015674071428,1.1228989381594736,3.243285107146221e-08
2023-07-13 23:14:00,1.1227124929,1.1227124929,1.1227124929,1.1227124929,1.1227124929,0,1.1229015674071428,1.1228979620062827,3.243285107146221e-08
2023-07-13 23:15:00,1.1227124929,1.1227124929,1.1227124929,1.1227124929,1.1227124929,0,1.1228925670999998,1.1228969960213542,1.6224092291849956e-08
2023-07-13 23:16:00,1.1227124929,1.1227124929,1.1227124929,1.1227124929,1.1227124929,0,1.1228835667928572,1.1228960400466321,1.6224092291849956e-08
2023-07-13 23:17:00,1.1227124929,1.1227124929,1.1227124929,1.1227124929,1.1227124929,0,1.1228745664857143,1.1228950939273195,1.6224092291849956e-08
2023-07-13 23:18:00,1.1227124929,1.1227124929,1.1227124929,1.1227124929,1.1227124929,0,1.1228655661785714,1.1228941575117948,1.6224092291849956e-08
2023-07-13 23:19:00,1.1227124929,1.1227124929,1.1227124929,1.1227124929,1.1227124929,0,1.122847557057143,1.1228932306515307,0.0,
2023-07-13 23:20:00,1.1227124929,1.1227124929,1.1227124929,1.1227124929,1.1227124929,0,1.1228295479357144,1.1228923132010153,0.0,
2023-07-13 23:21:00,1.1227124929,1.1227124929,1.1227124929,1.1227124929,1.1227124929,0,1.1228115388142856,1.1228914050176766,0.0,
2023-07-13 23:22:00,1.1227124929,1.1227124929,1.1227124929,1.1227124929,1.1227124929,0,1.122793529692857,1.122890505961809,0.0,
2023-07-13 23:23:00,1.1227124929,1.1227124929,1.1227124929,1.1227124929,1.1227124929,0,1.1227755205714287,1.1228896158965,0.0,
2023-07-13 23:24:00,1.1227124929,1.1227124929,1.1227124929,1.1227124929,1.1227124929,0,1.1227575114500001,1.1228887346875622,0.0,
2023-07-13 23:25:00,1.1228384972,1.1228384972,1.1228384972,1.1228384972,1.1228384972,0,1.1227485026357142,1.1228884859871286,1.620877299046697e-08
2023-07-13 23:26:00,1.1228384972,1.1228384972,1.1228384972,1.1228384972,1.1228384972,0,1.1227394938214286,1.1228882397369457,1.620877299046697e-08
2023-07-13 23:27:00,1.1228384972,1.1228384972,1.1228384972,1.1228384972,1.1228384972,0,1.1227394938214286,1.1228879959009803,8.100542459033022e-09
2023-07-13 23:28:00,1.1228384972,1.1228384972,1.1228384972,1.1228384972,1.1228384972,0,1.1227484941285715,1.1228877544439024,0.0,
2023-07-13 23:29:00,1.1229646206,1.1229646206,1.1229646206,1.1229646206,1.1229646206,0,1.12276650325,1.1228881275805824,0.0,
2023-07-13 23:30:00,1.1229646206,1.1229646206,1.1229646206,1.1229646206,1.1229646206,0,1.1227845123714286,1.1228884971120774,0.0,
2023-07-13 23:31:00,1.1229646206,1.1229646206,1.1229646206,1.1229646206,1.1229646206,0,1.1228025214928572,1.1228888630903846,0.0,
2023-07-13 23:32:00,1.1229646206,1.1229646206,1.1229646206,1.1229646206,1.1229646206,0,1.1228205306142856,1.1228892255665073,0.0,
2023-07-13 23:33:00,1.1229646206,1.1229646206,1.1229646206,1.1229646206,1.1229646206,0,1.1228385397357141,1.1228895845904763,0.0,
2023-07-13 23:34:00,1.123090744,1.123090744,1.123090744,1.123090744,1.123090744,0,1.1228655576714286,1.1228905379526066,0.0,
2023-07-13 23:35:00,1.123090744,1.123090744,1.123090744,1.123090744,1.123090744,0,1.1228925756071428,1.1228914823207548,0.0,
2023-07-13 23:36:00,1.123090744,1.123090744,1.123090744,1.123090744,1.123090744,0,1.122919593542857,1.1228924178215962,0.0,
2023-07-13 23:37:00,1.123090744,1.123090744,1.123090744,1.123090744,1.123090744,0,1.1229466114785713,1.1228933445794393,0.0,
2023-07-13 23:38:00,1.1229646206,1.1229646206,1.1229646206,1.1229646206,1.1229646206,0,1.1229646206,1.122893676095814,2.4339954052265966e-08
2023-07-13 23:39:00,1.1229646206,1.1229646206,1.1229646206,1.1229646206,1.1229646206,0,1.1229736294142858,1.1228940045425926,1.623175194254145e-08
2023-07-13 23:40:00,1.1229646206,1.1229646206,1.1229646206,1.1229646206,1.1229646206,0,1.1229826382285715,1.122894329962212,1.623175194254145e-08
2023-07-13 23:41:00,1.1229646206,1.1229646206,1.1229646206,1.1229646206,1.1229646206,0,1.1229916470428571,1.1228946523963301,1.623175194254145e-08
2023-07-13 23:42:00,1.123090744,1.123090744,1.123090744,1.123090744,1.123090744,0,1.1230096646714285,1.1228955477917808,2.434761370295746e-08
2023-07-13 23:43:00,1.1229646206,1.1229646206,1.1229646206,1.1229646206,1.1229646206,0,1.1230096646714285,1.122895861759091,3.24635038850829e-08
2023-07-13 23:44:00,1.1228384972,1.1228384972,1.1228384972,1.1228384972,1.1228384972,0,1.1230006558571428,1.1228956021909502,4.8695241616769636e-08
2023-07-13 23:45:00,1.1228384972,1.1228384972,1.1228384972,1.1228384972,1.1228384972,0,1.1229916470428571,1.1228953449612613,4.8695241616769636e-08
2023-07-13 23:46:00,1.1228384972,1.1228384972,1.1228384972,1.1228384972,1.1228384972,0,1.1229826382285715,1.122895090038565,4.8695241616769636e-08
2023-07-13 23:47:00,1.1227124929,1.1227124929,1.1227124929,1.1227124929,1.1227124929,0,1.122964629107143,1.122894274872768,6.491166004707338e-08
2023-07-13 23:48:00,1.1227124929,1.1227124929,1.1227124929,1.1227124929,1.1227124929,0,1.1229376111714287,1.122893466952889,3.2455844234391407e-08
2023-07-13 23:49:00,1.1225864887,1.1225864887,1.1225864887,1.1225864887,1.1225864887,0,1.1229015929357142,1.1228921086420354,4.056404634411592e-08
2023-07-13 23:50:00,1.1225864887,1.1225864887,1.1225864887,1.1225864887,1.1225864887,0,1.1228655747,1.1228907622986783,4.056404634411592e-08
2023-07-13 23:51:00,1.1225864887,1.1225864887,1.1225864887,1.1225864887,1.1225864887,0,1.1228295564642858,1.1228894277653507,4.056404634411592e-08
2023-07-13 23:52:00,1.1225864887,1.1225864887,1.1225864887,1.1225864887,1.1225864887,0,1.122802547042857,1.1228881048873363,3.244815616199048e-08
2023-07-13 23:53:00,1.1227124929,1.1227124929,1.1227124929,1.1227124929,1.1227124929,0,1.1227845379214287,1.1228873413569564,6.486564529950556e-08
2023-07-13 23:54:00,1.1225864887,1.1225864887,1.1225864887,1.1225864887,1.1225864887,0,1.1227575285,1.1228860389645021,8.10743898682631e-08
2023-07-13 23:55:00,1.1227124929,1.1227124929,1.1227124929,1.1227124929,1.1227124929,0,1.1227395193785716,1.1228852909211207,1.215924214648112e-07
2023-07-13 23:56:00,1.1225864887,1.1225864887,1.1225864887,1.1225864887,1.1225864887,0,1.1227035011428572,1.1228840085081544,9.723714811116224e-08
2023-07-13 23:57:00,1.1225864887,1.1225864887,1.1225864887,1.1225864887,1.1225864887,0,1.1226764917214287,1.1228827370559828,8.102074389171321e-08
2023-07-13 23:58:00,1.1225864887,1.1225864887,1.1225864887,1.1225864887,1.1225864887,0,1.1226584911142858,1.1228814764246808,6.480433967226418e-08
2023-07-13 23:59:00,1.1227124929,1.1227124929,1.1227124929,1.1227124929,1.1227124929,0,1.122649490807143,1.1228807603927966,9.720650950839627e-08
2023-07-14 00:00:00,1.1228384972,1.1228384972,1.1228384972,1.1228384972,1.1228384972,0,1.122649490807143,1.1228805820670886,1.2960870776623779e-07
2023-07-14 00:01:00,1.1225864887,1.1225864887,1.1225864887,1.1225864887,1.1225864887,0,1.122640490507143,1.122879346380672,1.6201084918066044e-07
2023-07-14 00:02:00,1.1227124929,1.1227124929,1.1227124929,1.1227124929,1.1227124929,0,1.122640490507143,1.122878648248954,2.0251356147582555e-07
2023-07-14 00:03:00,1.1227124929,1.1227124929,1.1227124929,1.1227124929,1.1227124929,0,1.122649490807143,1.122877955935,1.6201084918066044e-07
2023-07-14 00:04:00,1.1225864887,1.1225864887,1.1225864887,1.1225864887,1.1225864887,0,1.122649490807143,1.122876746527386,2.0251356147582555e-07
2023-07-14 00:05:00,1.1224603653,1.1224603653,1.1224603653,1.1224603653,1.1224603653,0,1.1226404819928573,1.1228750259438016,2.4305457202444813e-07
2023-07-14 00:06:00,1.1223344803,1.1223344803,1.1223344803,1.1223344803,1.1223344803,0,1.1226224813928574,1.1228728014761316,2.835189860661558e-07
2023-07-14 00:07:00,1.1223344803,1.1223344803,1.1223344803,1.1223344803,1.1223344803,0,1.1225954804928573,1.1228705952418032,2.2681518885292462e-07
2023-07-14 00:08:00,1.1223344803,1.1223344803,1.1223344803,1.1223344803,1.1223344803,0,1.1225774798928572,1.1228684070175512,1.9441301901679253e-07
2023-07-14 00:09:00,1.1222084761,1.1222084761,1.1222084761,1.1222084761,1.1222084761,0,1.1225414786928571,1.1228657243715447,1.701114200614029e-07
2023-07-14 00:10:00,1.1222084761,1.1222084761,1.1222084761,1.1222084761,1.1222084761,0,1.122514477792857,1.1228630634473684,1.4580979268430383e-07
2023-07-14 00:11:00,1.1223344803,1.1223344803,1.1223344803,1.1223344803,1.1223344803,0,1.1224964771928572,1.1228609320637097,1.9441301901679253e-07
2023-07-14 00:12:00,1.1223344803,1.1223344803,1.1223344803,1.1223344803,1.1223344803,0,1.1224784765928573,1.1228588177995984,1.9441301901679253e-07
2023-07-14 00:13:00,1.1224603653,1.1224603653,1.1224603653,1.1224603653,1.1224603653,0,1.1224604674785714,1.1228572239896,1.9436706111264357e-07
2023-07-14 00:14:00,1.1224603653,1.1224603653,1.1224603653,1.1224603653,1.1224603653,0,1.122433458057143,1.1228556428792829,1.4576374951502657e-07
2023-07-14 00:15:00,1.1224603653,1.1224603653,1.1224603653,1.1224603653,1.1224603653,0,1.1224244492428572,1.1228540743174602,9.717582827306614e-08
2023-07-14 00:16:00,1.1223344803,1.1223344803,1.1223344803,1.1223344803,1.1223344803,0,1.1223974483428572,1.122852020586166,8.09517501920709e-08
2023-07-14 00:17:00,1.1223344803,1.1223344803,1.1223344803,1.1223344803,1.1223344803,0,1.122370447442857,1.1228499830259844,8.09517501920709e-08
2023-07-14 00:18:00,1.1222084761,1.1222084761,1.1222084761,1.1222084761,1.1222084761,0,1.1223434465428572,1.122847467312549,8.09517501920709e-08
2023-07-14 00:19:00,1.121956706,1.121956706,1.121956706,1.121956706,1.121956706,0,1.1223074708785714,1.1228439877761718,9.709924597700592e-08
2023-07-14 00:20:00,1.1220825911,1.1220825911,1.1220825911,1.1220825911,1.1220825911,0,1.122289478792857,1.1228410251431906,1.2136258931150223e-07
2023-07-14 00:21:00,1.121956706,1.121956706,1.121956706,1.121956706,1.121956706,0,1.1222624949142856,1.1228375975496123,1.4562593264599855e-07
2023-07-14 00:22:00,1.1220825911,1.1220825911,1.1220825911,1.1220825911,1.1220825911,0,1.1222445028285715,1.1228346824667954,1.9415263352584589e-07
2023-07-14 00:23:00,1.121830821,1.121830821,1.121830821,1.121830821,1.121830821,0,1.1222175274642858,1.122830821461154,2.2647057562608097e-07
2023-07-14 00:24:00,1.121956706,1.121956706,1.121956706,1.121956706,1.121956706,0,1.1221995438857142,1.1228274723597702,2.830748115911774e-07
2023-07-14 00:25:00,1.121956706,1.121956706,1.121956706,1.121956706,1.121956706,0,1.1221725600071428,1.1228241488240458,2.2641697228209523e-07
2023-07-14 00:26:00,1.121830821,1.121830821,1.121830821,1.121830821,1.121830821,0,1.1221365843428572,1.1228203719121674,2.587578791235501e-07
2023-07-14 00:27:00,1.121830821,1.121830821,1.121830821,1.121830821,1.121830821,0,1.1220916168928572,1.1228166236132575,1.9406843421165831e-07
2023-07-14 00:28:00,1.121830821,1.121830821,1.121830821,1.121830821,1.121830821,0,1.1220466494428571,1.1228129036033963,1.9406843421165831e-07
2023-07-14 00:29:00,1.1217050552,1.1217050552,1.1217050552,1.1217050552,1.1217050552,0,1.1219926987214286,1.1228087387597745,2.1830113894338865e-07
2023-07-14 00:30:00,1.121956706,1.121956706,1.121956706,1.121956706,1.121956706,0,1.121965714842857,1.1228055476258427,3.233477912090166e-07
2023-07-14 00:31:00,1.121956706,1.121956706,1.121956706,1.121956706,1.121956706,0,1.1219387309642859,1.1228023803063432,3.233477912090166e-07
2023-07-14 00:32:00,1.121956706,1.121956706,1.121956706,1.121956706,1.121956706,0,1.1219207473857142,1.1227992365356878,2.8289106523970986e-07
2023-07-14 00:33:00,1.121956706,1.121956706,1.121956706,1.121956706,1.121956706,0,1.1219207473857142,1.1227961160522224,2.0205411033202836e-07
2023-07-14 00:34:00,1.121956706,1.121956706,1.121956706,1.121956706,1.121956706,0,1.121911755592857,1.122793018598155,1.6163561156190553e-07
2023-07-14 00:35:00,1.1220825911,1.1220825911,1.1220825911,1.1220825911,1.1220825911,0,1.1219207473857142,1.1227904067323529,1.6163561156190553e-07
2023-07-14 00:36:00,1.121956706,1.121956706,1.121956706,1.121956706,1.121956706,0,1.1219117555928573,1.1227873528835166,1.6163561156190553e-07
2023-07-14 00:37:00,1.1220825911,1.1220825911,1.1220825911,1.1220825911,1.1220825911,0,1.1219297391714285,1.122784780760219,1.2121714121349214e-07
2023-07-14 00:38:00,1.1220825911,1.1220825911,1.1220825911,1.1220825911,1.1220825911,0,1.1219387309642859,1.1227822273432728,9.696914560208825e-08
2023-07-14 00:39:00,1.121956706,1.121956706,1.121956706,1.121956706,1.121956706,0,1.1219387309642859,1.122779236323913,1.293023927928516e-07
2023-07-14 00:40:00,1.1220825911,1.1220825911,1.1220825911,1.1220825911,1.1220825911,0,1.1219567145428573,1.1227767213592057,1.21217198056911e-07
2023-07-14 00:41:00,1.1222084761,1.1222084761,1.1222084761,1.1222084761,1.1222084761,0,1.121983689907143,1.1227746773115108,1.4546522209002433e-07
2023-07-14 00:42:00,1.1220825911,1.1220825911,1.1220825911,1.1220825911,1.1220825911,0,1.1220016734857141,1.1227721967157707,1.9396890138523304e-07
2023-07-14 00:43:00,1.1220825911,1.1220825911,1.1220825911,1.1220825911,1.1220825911,0,1.1220286403357143,1.1227697338385714,1.4551113736160914e-07
2023-07-14 00:44:00,1.1222084761,1.1222084761,1.1222084761,1.1222084761,1.1222084761,0,1.122046623914286,1.1227677364800712,1.212784326298788e-07
2023-07-14 00:45:00,1.1220825911,1.1220825911,1.1220825911,1.1220825911,1.1220825911,0,1.1220556157071429,1.1227653068865249,1.617045626289837e-07
2023-07-14 00:46:00,1.1220825911,1.1220825911,1.1220825911,1.1220825911,1.1220825911,0,1.1220646075,1.1227628944632508,1.617045626289837e-07
2023-07-14 00:47:00,1.121956706,1.121956706,1.121956706,1.121956706,1.121956706,0,1.1220646075,1.1227600557714787,2.021307068389433e-07
2023-07-14 00:48:00,1.121956706,1.121956706,1.121956706,1.121956706,1.121956706,0,1.1220646075,1.1227572370003507,2.021307068389433e-07
2023-07-14 00:49:00,1.121956706,1.121956706,1.121956706,1.121956706,1.121956706,0,1.1220556157071429,1.1227544379409091,1.617045626289837e-07
2023-07-14 00:50:00,1.1220825911,1.1220825911,1.1220825911,1.1220825911,1.1220825911,0,1.1220646075,1.1227520970111498,1.617045626289837e-07
2023-07-14 00:51:00,1.1222084761,1.1222084761,1.1222084761,1.1222084761,1.1222084761,0,1.1220735992857143,1.1227502094385418,1.6170453420727426e-07
2023-07-14 00:52:00,1.1222084761,1.1222084761,1.1222084761,1.1222084761,1.1222084761,0,1.1220825910714285,1.1227483349287197,1.6170453420727426e-07
2023-07-14 00:53:00,1.1222084761,1.1222084761,1.1222084761,1.1222084761,1.1222084761,0,1.12210057465,1.1227464733465515,1.2127838999731466e-07
2023-07-14 00:54:00,1.1224603653,1.1224603653,1.1224603653,1.1224603653,1.1224603653,0,1.1221275585214285,1.1227454901573883,1.4555701000062982e-07
2023-07-14 00:55:00,1.1224603653,1.1224603653,1.1224603653,1.1224603653,1.1224603653,0,1.122145550607143,1.1227445137023973,1.21301326316825e-07
2023-07-14 00:56:00,1.1225864887,1.1225864887,1.1225864887,1.1225864887,1.1225864887,0,1.1221815432928572,1.1227439743679182,9.706863579594938e-08
2023-07-14 00:57:00,1.1225864887,1.1225864887,1.1225864887,1.1225864887,1.1225864887,0,1.1222175359785715,1.122743438702381,9.706863579594938e-08
2023-07-14 00:58:00,1.1225864887,1.1225864887,1.1225864887,1.1225864887,1.1225864887,0,1.1222445368785714,1.1227429066684744,8.089820369150402e-08
2023-07-14 00:59:00,1.1227124929,1.1227124929,1.1227124929,1.1227124929,1.1227124929,0,1.1222895298642857,1.1227428039192566,4.85419917595209e-08
2023-07-14 01:00:00,1.1225864887,1.1225864887,1.1225864887,1.1225864887,1.1225864887,0,1.1223255225500002,1.1227422776053873,9.712989879062661e-08
2023-07-14 01:01:00,1.1227124929,1.1227124929,1.1227124929,1.1227124929,1.1227124929,0,1.1223795073285714,1.1227421776567115,5.668844949013874e-08
2023-07-14 01:02:00,1.1228384972,1.1228384972,1.1228384972,1.1228384972,1.1228384972,0,1.122442492414286,1.122742499795652,6.478899194917176e-08
2023-07-14 01:03:00,1.1227124929,1.1227124929,1.1227124929,1.1227124929,1.1227124929,0,1.1224964771928572,1.1227423997726667,1.295780549526171e-07
2023-07-14 01:04:00,1.1225864887,1.1225864887,1.1225864887,1.1225864887,1.1225864887,0,1.1225324698785715,1.1227418817956811,1.7008841268761898e-07
2023-07-14 01:05:00,1.1225864887,1.1225864887,1.1225864887,1.1225864887,1.1225864887,0,1.1225594707785713,1.1227413672490065,1.4580979268430383e-07
2023-07-14 01:06:00,1.1227124929,1.1227124929,1.1227124929,1.1227124929,1.1227124929,0,1.1225954719785716,1.1227412719541254,1.701114200614029e-07
2023-07-14 01:07:00,1.1225864887,1.1225864887,1.1225864887,1.1225864887,1.1225864887,0,1.1226224728785714,1.1227407627986843,2.2681518885292462e-07
2023-07-14 01:08:00,1.1225864887,1.1225864887,1.1225864887,1.1225864887,1.1225864887,0,1.122631481692857,1.122740256981967,1.6204151620513585e-07
2023-07-14 01:09:00,1.1225864887,1.1225864887,1.1225864887,1.1225864887,1.1225864887,0,1.1226404905071428,1.1227397544712419,1.6204151620513585e-07
2023-07-14 01:10:00,1.1228384972,1.1228384972,1.1228384972,1.1228384972,1.1228384972,0,1.1226584911142858,1.1227400761087947,1.9441304743850196e-07
2023-07-14 01:11:00,1.1228384972,1.1228384972,1.1228384972,1.1228384972,1.1228384972,0,1.1226764917214287,1.1227403956577922,1.9441304743850196e-07
2023-07-14 01:12:00,1.1228384972,1.1228384972,1.1228384972,1.1228384972,1.1228384972,0,1.1226944923285715,1.1227407131385114,1.9441304743850196e-07
2023-07-14 01:13:00,1.1228384972,1.1228384972,1.1228384972,1.1228384972,1.1228384972,0,1.1227034926357145,1.1227410285709678,1.620108918132246e-07
2023-07-14 01:14:00,1.1228384972,1.1228384972,1.1228384972,1.1228384972,1.1228384972,0,1.122721493242857,1.1227413419749197,1.2150817951805948e-07
2023-07-14 01:15:00,1.1229646206,1.1229646206,1.1229646206,1.1229646206,1.1229646206,0,1.1227395023642859,1.1227420576115386,1.2153115847013396e-07
2023-07-14 01:16:00,1.123090744,1.123090744,1.123090744,1.123090744,1.123090744,0,1.1227575199928572,1.122743171625559,1.2155412321135373e-07
2023-07-14 01:20:00,1.1228384972,1.1228384972,1.1228384972,1.1228384972,1.1228384972,0,1.1227665203000001,1.122743475210191,1.621487797365262e-07
2023-07-14 01:21:00,1.1228384972,1.1228384972,1.1228384972,1.1228384972,1.1228384972,0,1.122784520907143,1.1227437768673016,1.216307481399781e-07
2023-07-14 01:22:00,1.1228384972,1.1228384972,1.1228384972,1.1228384972,1.1228384972,0,1.1228025215142858,1.12274407661519,1.216307481399781e-07
2023-07-14 01:23:00,1.1228384972,1.1228384972,1.1228384972,1.1228384972,1.1228384972,0,1.1228115218214287,1.1227443744719243,9.731380146149604e-08
2023-07-14 01:24:00,1.1228384972,1.1228384972,1.1228384972,1.1228384972,1.1228384972,0,1.1228295224285714,1.1227446704553459,6.489631232398096e-08
2023-07-14 01:25:00,1.123090744,1.123090744,1.123090744,1.123090744,1.123090744,0,1.1228655406642858,1.122745755325392,9.735980199820915e-08
2023-07-14 01:26:00,1.123090744,1.123090744,1.123090744,1.123090744,1.123090744,0,1.1229015589,1.122746833415,9.735980199820915e-08